1366421316,117.110010000000,0.015654600000
1366421316,117.110010000000,0.026144100000
1366421319,117.110010000000,0.016753010000
1366421319,117.110000000000,1.753284790000
1366421319,117.110000000000,1.024862200000
1366421325,117.110000000000,1.000000000000
1366421328,117.110000000000,2.500000000000
1366421329,117.110000000000,10.000000000000
1366421331,117.120010000000,0.088611010000
1366421331,117.120010000000,1.000000000000
1366421331,117.120010000000,1.000000000000
1366421333,117.150000000000,1.000000000000
1366421333,117.200000000000,0.469741850000
1366421333,117.200010000000,1.387715210000
1366421333,117.200010000000,1.340901410000
1366421341,117.150000000000,1.000000000000
1366421341,117.150000000000,0.010000000000
1366421344,117.200010000000,0.046813800000
1366421356,117.200020000000,0.031000000000
1366421362,117.200020000000,0.122186200000
1366421362,117.150000000000,0.930380000000
1366421362,117.120020000000,0.947433800000
1366421409,117.120020000000,1.822255190000
1366421409,117.110000000000,0.177744810000
1366421411,117.110000000000,0.110000000000
1366421428,117.110000000000,0.187392990000
1366421428,117.100000000000,1.567683170000
1366421428,117.010000000000,0.234923840000
1366421431,117.100000000000,0.010000000000
1366421431,117.010010000000,1.257625300000
1366421431,117.010000000000,0.732374700000
1366421435,117.010000000000,0.010000000000
1366421441,117.150000000000,2.940380000000
1366421441,117.150000000000,2.940380000000
1366421441,117.200010000000,0.122186190000
1366421441,117.200010000000,0.122186190000
1366421441,117.899800000000,3.874867620000
1366421444,117.010000000000,0.010000000000
1366421450,117.010000000000,3.503775030000
1366421485,117.010000000000,1.217735880000
1366421502,117.899790000000,0.200000000000
1366421505,117.010000000000,2.343706840000
1366421506,117.899790000000,1.500000000000
1366421508,117.010000000000,0.020000000000
1366421513,117.010000000000,0.010705740000
1366421518,117.899790000000,0.814335560000
1366421524,117.899770000000,0.873600000000
1366421529,117.899770000000,0.045323070000
1366421538,117.020020000000,0.842977060000
1366421538,117.020000000000,0.861494440000
1366421538,117.010000000000,6.931334200000
1366421556,117.019990000000,0.861494430000
1366421567,117.010000000000,0.375831400000
1366421584,117.699990000000,0.200000000000
1366421607,117.010030000000,0.090000000000
1366421624,117.499990000000,0.200000000000
1366421633,117.010010000000,0.035534170000
1366421633,117.010000000000,0.214465830000
1366421637,117.010020000000,0.098054800000
1366421637,117.010020000000,0.097466430000
1366421637,117.010020000000,0.096881610000
1366421639,117.010020000000,0.096300290000
1366421639,117.010020000000,0.095722480000
1366421639,117.010000000000,34.395146540000
1366421639,117.000000000000,4.273500000000
1366421639,117.000000000000,1.000000000000
1366421639,116.848800000000,0.022061390000
1366421639,116.510000000000,0.250000000000
1366421640,116.450000000000,0.856561680000
1366421640,116.450000000000,14.126361270000
1366421640,116.270000000000,0.010000000000
1366421640,116.251130000000,0.579055080000
1366421640,116.251000000000,12.487314040000
1366421642,117.010020000000,0.095148170000
1366421642,117.010020000000,0.094577280000
1366421643,117.010020000000,0.094009810000
1366421643,117.010020000000,0.093445750000
1366421646,117.010020000000,0.058393380000
1366421647,117.500000000000,0.010000000000
1366421647,117.599870000000,0.081104080000
1366421647,117.599870000000,0.000975000000
1366421647,117.599870000000,1.622780590000
1366421647,117.600000000000,4.660814680000
1366421659,117.599990000000,0.984000000000
1366421677,117.200000000000,0.500000000000
1366421677,116.251000000000,0.372099930000
1366421689,117.499990000000,0.200000000000
1366421712,117.500000000000,0.010000000000
1366421712,117.520000000000,3.869849920000
1366421731,117.499980000000,1.838489670000
1366421732,117.499980000000,3.116297400000
1366421733,117.520000000000,0.575112540000
1366421734,117.520000000000,0.555037540000
1366421734,117.799800000000,0.456856060000
1366421734,117.799800000000,0.200000000000
1366421753,117.210020000000,1.116370830000
1366421753,117.210000000000,10.984600000000
1366421753,116.500000000000,0.010000000000
1366421753,116.450130000000,0.848705400000
1366421753,116.450000000000,7.040323770000
1366421757,117.699990000000,0.200000000000
1366421759,116.450010000000,0.010000000000
1366421774,117.499990000000,0.916370830000
1366421774,117.500000000000,0.010000000000
1366421778,117.500010000000,0.167044880000
1366421779,117.500000000000,0.073629170000
1366421779,117.499990000000,0.128325950000
1366421779,117.690000000000,0.071674050000
1366421782,117.000010000000,0.010000000000
1366421799,117.000010000000,0.000376020000
1366421801,117.500000000000,0.200000000000
1366421803,117.000010000000,0.010000000000
1366421821,117.500000000000,1.429732160000
1366421821,117.500000000000,0.010000000000
1366421821,117.700000000000,2.270179830000
1366421824,117.699990000000,0.027079610000
1366421825,117.699990000000,0.140341290000
1366421825,117.700000000000,0.059658710000
1366421827,117.000010000000,0.010000000000
1366421828,117.000010000000,2.109173670000
1366421828,117.000000000000,1.000000000000
1366421828,116.450000000000,3.900826330000
1366421847,117.500000000000,0.010000000000
1366421847,117.670000000000,0.190000000000
1366421849,117.499990000000,0.000145780000
1366421849,116.500010000000,0.010000000000
1366421854,116.500010000000,2.595405240000
1366421854,116.500000000000,2.404594760000
1366421864,117.499980000000,2.072596090000
1366421869,117.499970000000,0.200000000000
1366421889,117.449990000000,2.101172760000
1366421916,116.600030000000,0.010000000000
1366421919,117.448980000000,0.330664280000
1366421919,117.449000000000,0.043783780000
1366421919,117.450000000000,3.458100000000
1366421919,117.500000000000,0.010000000000
1366421919,117.670000000000,0.205400230000
1366421924,117.670000000000,3.170458470000
1366421926,117.670000000000,17.970979860000
1366421926,117.670000000000,7.029020140000
1366421930,117.670000000000,0.200000000000
1366421937,116.600040000000,5.380649810000
1366421970,117.499990000000,0.200000000000
1366421994,116.580000000000,0.988000000000
1366421996,117.499990000000,1.000000000000
1366422002,117.499990000000,1.136500000000
1366422004,117.499990000000,1.000000000000
1366422019,117.000000000000,0.134900000000
1366422021,116.999990000000,1.136500000000
1366422030,116.600000000000,0.198500000000
1366422044,116.999990000000,0.615634660000
1366422044,116.999990000000,0.292015150000
1366422044,117.000000000000,5.022771190000
1366422052,117.000000000000,0.200000000000
1366422063,116.600010000000,0.756320580000
1366422063,116.600000000000,1.569843200000
1366422073,116.600000000000,0.200000000000
1366422075,116.600000000000,0.506700000000
1366422079,116.600000000000,0.535000000000
1366422089,116.600000000000,0.426118040000
1366422089,117.000000000000,0.423872590000
1366422089,116.590000000000,0.821188400000
1366422113,116.999990000000,0.200000000000
1366422131,116.590010000000,0.038425040000
1366422131,116.590000000000,0.178811600000
1366422131,116.552000000000,0.046151260000
1366422131,116.999990000000,0.556320580000
1366422131,117.000000000000,0.563679420000
1366422133,116.500010000000,0.010000000000
1366422136,117.000000000000,2.000000000000
1366422140,116.500010000000,0.010000000000
1366422196,116.999990000000,0.038425040000
1366422196,117.000000000000,0.812574960000
1366422204,116.800010000000,0.149970950000
1366422214,117.000000000000,0.842201840000
1366422219,117.000020000000,0.149970950000
1366422235,117.000020000000,0.868704330000
1366422235,116.800000000000,0.150000000000
1366422235,116.600000000000,25.725000000000
1366422235,116.600000000000,2.000000000000
1366422235,116.600000000000,5.000000000000
1366422235,116.570000000000,1.318290720000
1366422235,116.501000000000,7.534000000000
1366422235,116.500000000000,11.098670210000
1366422235,116.500000000000,1.000000000000
1366422235,116.500000000000,0.100000000000
1366422235,116.251000000000,20.045733190000
1366422235,116.250000000000,0.000469070000
1366422235,116.233770000000,1.005700010000
1366422235,116.209970000000,0.010000000000
1366422235,116.060000000000,0.250000000000
1366422235,116.020000000000,16.000000000000
1366422236,116.011010000000,0.500000000000
1366422236,116.011000000000,10.000000000000
1366422236,116.010000000000,50.000000000000
1366422236,116.010000000000,0.719600000000
1366422236,116.000000000000,1.712667070000
1366422236,116.000000000000,0.079125650000
1366422239,117.499900000000,1.000000000000
1366422241,116.000010000000,0.010000000000
1366422251,117.499990000000,1.168646230000
1366422251,117.500000000000,0.010000000000
1366422261,117.500010000000,0.118497110000
1366422261,117.500000000000,1.821353770000
1366422263,116.106740000000,0.010000000000
1366422266,117.500000000000,1.619039800000
1366422270,117.000000000000,0.059248560000
1366422276,117.000000000000,4.039507360000
1366422276,117.000000000000,0.010000000000
1366422285,117.000000000000,0.088872840000
1366422285,116.600000000000,0.010000000000
1366422300,117.000000000000,0.300000000000
1366422323,117.000000000000,0.185000000000
1366422345,117.000000000000,3.515167020000
1366422345,117.000000000000,0.587432980000
1366422352,117.500000000000,1.405109320000
1366422352,117.500000000000,1.000000000000
1366422352,117.660000000000,0.372899960000
1366422356,116.600020000000,0.010000000000
1366422356,116.600020000000,0.051869700000
1366422363,116.600020000000,0.499708150000
1366422379,117.599990000000,0.106000000000
1366422382,117.000000000000,0.010000000000
1366422393,117.599980000000,0.507232680000
1366422394,117.000010000000,0.989245000000
1366422394,117.000000000000,0.990000000000
1366422394,116.600000000000,0.360536020000
1366422394,116.010000000000,0.639463980000
1366422397,116.600020000000,0.848865410000
1366422399,117.599990000000,0.911334590000
1366422402,117.500000000000,0.200000000000
1366422404,116.010010000000,0.010000000000
1366422409,117.499990000000,0.262874090000
1366422409,117.500000000000,2.165690620000
1366422411,117.500000000000,0.010000000000
1366422411,116.010010000000,0.010000000000
1366422424,117.500000000000,0.124309380000
1366422424,117.500000000000,0.009588750000
1366422424,117.660000000000,0.675616750000
1366422426,116.010010000000,0.010000000000
1366422434,117.660000000000,0.951483290000
1366422434,117.660000000000,0.060410310000
1366422445,117.499990000000,0.331900000000
1366422454,116.310020000000,4.520000000000
1366422454,117.499990000000,0.480000000000
1366422464,117.499990000000,0.983194800000
1366422466,117.499990000000,0.400000000000
1366422490,116.310020000000,2.178602390000
1366422491,116.310010000000,0.803397610000
1366422491,117.499970000000,1.196602390000
1366422495,116.010140000000,0.010000000000
1366422521,116.010150000000,3.040000000000
1366422521,117.479990000000,2.266651700000
1366422523,117.479990000000,2.905558470000
1366422550,117.450000000000,0.017241380000
1366422550,117.450000000000,1.163793100000
1366422552,116.020010000000,0.010000000000
1366422558,117.449990000000,2.554300000000
1366422560,116.020010000000,0.010000000000
1366422580,116.021020000000,1.250000000000
1366422624,117.449990000000,0.200000000000
1366422627,116.050000000000,0.010000000000
1366422642,116.510020000000,1.115378280000
1366422643,116.510010000000,3.406834140000
1366422643,116.050130000000,0.530733740000
1366422643,116.050000000000,9.990000000000
1366422643,116.040000000000,10.000000000000
1366422643,116.030000000000,24.896643530000
1366422645,117.450000000000,8.000000000000
1366422647,116.030010000000,0.010000000000
1366422654,117.449990000000,0.083109670000
1366422658,116.050000000000,3.500000000000
1366422658,116.030000000000,10.240966500000
1366422663,116.999990000000,0.200000000000
1366422725,116.110000000000,0.139383410000
1366422741,116.889990000000,0.809521620000
1366422755,116.110000000000,5.470616590000
1366422759,116.109990000000,0.139383410000
1366422759,116.800000000000,0.060616590000
1366422767,116.799990000000,3.074839210000
1366422767,116.800000000000,1.063060790000
1366422786,116.040020000000,0.023555170000
1366422786,116.040000000000,0.837697090000
1366422791,116.040000000000,0.140000000000
1366422804,116.109980000000,0.014549800000
1366422806,116.040000000000,2.022302910000
1366422806,116.030000000000,48.755564600000
1366422812,116.109980000000,0.009005370000
1366422813,116.109990000000,1.090994630000
1366422813,116.109990000000,4.519005370000
1366422815,116.850000000000,6.100000000000
1366422838,116.850000000000,0.200000000000
1366422857,116.110000000000,2.614151520000
1366422868,116.849990000000,2.614151520000
1366422868,116.850000000000,5.920548480000
1366422873,116.850000000000,1.001300000000
1366422873,116.110000000000,2.614151520000
1366422876,116.850000000000,0.200000000000
1366422878,116.110000000000,0.000043570000
1366422878,116.109990000000,17.997956430000
1366422889,116.109990000000,2.614195080000
1366422890,116.849990000000,1.546591110000
1366422892,116.849990000000,0.856294810000
1366422897,116.109990000000,1.308843120000
1366422898,116.109980000000,0.200000000000
1366422900,116.109980000000,0.000033240000
1366422902,116.109980000000,0.491123640000
1366422904,116.109990000000,2.614195080000
1366422912,116.849990000000,0.211309170000
1366422912,116.850000000000,0.566825500000
1366422918,116.850000000000,0.200000000000
1366422934,116.110000000000,2.313725360000
1366422950,116.110000000000,0.089200600000
1366422950,116.109990000000,1.894681280000
1366422967,116.109990000000,0.014720000000
1366422980,116.030010000000,4.079399990000
1366422995,116.050000000000,0.101000000000
1366423004,116.030000000000,2.313725370000
1366423004,116.020000000000,1.000000000000
1366423004,116.000000000000,13.911819330000
1366423027,116.000000000000,1.203480780000
1366423027,116.030010000000,0.160369540000
1366423043,116.000000000000,8.658633820000
1366423049,116.030010000000,0.396685350000
1366423049,116.049990000000,0.068785710000
1366423059,116.000000000000,10.000000000000
1366423059,116.000000000000,7.600752960000
1366423094,116.000000000000,0.120000000000
1366423100,116.000000000000,0.100000000000
1366423126,116.049990000000,0.032214290000
1366423126,116.049990000000,0.101000000000
1366423126,116.109990000000,0.404324080000
1366423126,116.109990000000,1.621920100000
1366423132,116.109990000000,0.086100000000
1366423134,116.109990000000,0.694905860000
1366423134,116.850000000000,2.610629960000
1366423143,116.849990000000,0.688087650000
1366423154,116.000010000000,1.052734810000
1366423154,116.000000000000,4.326187460000
1366423154,116.000000000000,0.040535430000
1366423154,116.000000000000,1.450146610000
1366423210,116.000020000000,0.527865570000
1366423210,116.000000000000,6.421134430000
1366423213,116.829990000000,1.878489920000
1366423221,116.829980000000,0.342400000000
1366423250,116.829980000000,0.100000000000
1366423267,116.000000000000,0.000009640000
1366423348,116.800000000000,0.994600000000
1366423382,116.000010000000,0.959525000000
1366423385,116.789990000000,0.974548770000
1366423385,116.790000000000,7.725451230000
1366423400,116.000020000000,0.013000000000
1366423428,116.789970000000,0.972525000000
1366423428,116.789980000000,2.214548770000
1366423428,116.800000000000,4.005400000000
1366423428,116.829980000000,0.764450950000
1366423428,116.850000000000,9.051275280000
1366423443,116.850000000000,5.000000000000
1366423465,116.850000000000,0.010000000000
1366423468,116.850000000000,5.000000000000
1366423500,116.300010000000,1.439425990000
1366423500,116.300000000000,5.160574010000
1366423514,116.300000000000,0.190000000000
1366423518,116.300010000000,0.010800000000
1366423524,116.300010000000,0.461828840000
1366423526,116.300000000000,0.710000000000
1366423538,116.300000000000,8.628046070000
1366423555,116.300000000000,7.380951130000
1366423589,116.300000000000,1.110000000000
1366423620,116.300000000000,3.200000000000
1366423640,116.300000000000,0.010000000000
1366423669,116.300000000000,0.517634840000
1366423675,116.300010000000,0.966797140000
1366423675,116.300010000000,0.033202860000
1366423690,116.300000000000,0.994700000000
1366423705,116.300010000000,1.406223120000
1366423706,116.850000000000,3.593776880000
1366423731,116.300000000000,0.227580670000
1366423734,116.300000000000,1.003940000000
1366423736,116.849990000000,1.439425990000
1366423736,116.850000000000,7.295125630000
1366423742,116.300010000000,0.010000000000
1366423776,116.850000000000,0.200000000000
1366423779,116.300010000000,0.010000000000
1366423818,116.850000000000,3.050518270000
1366423818,116.850000000000,0.220000000000
1366423836,117.000000000000,4.047604510000
1366423861,117.000000000000,0.012598110000
1366423868,117.000000000000,1.459797380000
1366423868,117.390000000000,8.546238840000
1366423878,117.390000000000,1.016090290000
1366423930,117.390000000000,0.056000000000
1366423970,117.390000000000,0.971425950000
1366424001,116.880020000000,0.010267260000
1366424033,117.239990000000,0.010267260000
1366424033,117.240000000000,0.189732740000
1366424067,117.260000000000,0.078830110000
1366424079,117.260000000000,1.000000000000
1366424120,116.910000000000,0.039415060000
1366424127,116.910000000000,0.059122590000
1366424150,116.910000000000,1.878489920000
1366424168,116.650030000000,0.010000000000
1366424195,117.259990000000,0.177367760000
1366424195,117.390000000000,0.050244920000
1366424195,117.420000000000,0.581902200000
1366424221,116.680000000000,0.035000000000
1366424224,117.250000000000,0.034807500000
1366424227,116.680010000000,0.010000000000
1366424237,117.419990000000,0.034807500000
1366424237,117.420000000000,2.418097800000
1366424237,117.450000000000,2.747094700000
1366424250,116.690010000000,2.716202330000
1366424250,116.690000000000,31.214114670000
1366424252,117.449990000000,2.703797770000
1366424317,116.700000000000,0.010000000000
1366424344,116.700010000000,0.338700000000
1366424353,117.259990000000,0.341104560000
1366424353,117.260000000000,4.658895440000
1366424354,117.260000000000,1.000000000000
1366424358,117.260000000000,0.713300000000
1366424368,116.710010000000,0.010044550000
1366424388,116.730010000000,1.000000000000
1366424392,116.730010000000,0.312165690000
1366424392,116.730000000000,3.076334310000
1366424394,117.260000000000,0.010000000000
1366424397,117.259980000000,0.010000000000
1366424404,117.259970000000,1.322210240000
1366424404,117.260000000000,3.777789760000
1366424406,117.260000000000,1.794594800000
1366424407,117.350000000000,0.009945000000
1366424407,117.450000000000,36.300785650000
1366424407,117.500000000000,0.308140000000
1366424407,117.500000000000,0.010000000000
1366424430,117.500000000000,0.020000000000
1366424432,117.570000000000,0.010000000000
1366424432,117.620000000000,1.000000000000
1366424432,117.670000000000,4.090000000000
1366424435,117.500000000000,0.131936190000
1366424439,117.670000000000,1.000000000000
1366424442,117.670000000000,0.168826630000
1366424459,117.670000000000,5.000000000000
1366424477,117.500010000000,0.200000000000
1366424479,117.670000000000,1.000000000000
1366424493,117.500010000000,0.244974360000
1366424493,117.500000000000,0.755025640000
1366424508,117.670000000000,2.447777680000
1366424512,117.670000000000,10.000000000000
1366424514,117.670000000000,0.012526380000
1366424518,117.670000000000,0.584600000000
1366424537,117.670000000000,5.000000000000
1366424537,117.670000000000,1.245000000000
1366424545,117.670000000000,0.012526380000
1366424562,117.670000000000,5.000000000000
1366424576,117.500000000000,0.500000000000
1366424588,117.670000000000,5.000000000000
1366424639,117.670000000000,2.209722790000
1366424639,117.684460000000,0.790277210000
1366424653,117.500000000000,0.010000000000
1366424698,117.684460000000,0.667182790000
1366424720,117.684470000000,0.020100500000
1366424722,117.750000000000,0.020100500000
1366424735,117.750000000000,3.458899500000
1366424760,117.750010000000,0.212300000000
1366424786,117.750010000000,0.458132860000
1366424793,117.750010000000,0.167122430000
1366424821,117.992650000000,0.183136010000
1366424821,117.992660000000,0.010999990000
1366424821,118.000000000000,0.020000000000
1366424821,118.000000000000,1.074211100000
1366424825,118.000000000000,0.165767790000
1366424831,118.000000000000,1.317957100000
1366424831,118.000000000000,0.330800000000
1366424831,118.000000000000,1.200000000000
1366424831,118.000000000000,0.015009490000
1366424831,118.050000000000,0.850746260000
1366424831,118.184870000000,0.047600000000
1366424832,118.272880000000,1.450210000000
1366424832,118.300000000000,1.689800000000
1366424832,118.320000000000,41.917298590000
1366424864,117.750010000000,4.153745210000
1366424865,117.684470000000,1.598516710000
1366424865,117.680000000000,0.538200000000
1366424865,117.550000000000,0.002860390000
1366424865,117.500000000000,3.706677690000
1366424874,117.500000000000,4.414027960000
1366424897,117.680000000000,0.167014830000
1366424914,117.680000000000,0.166096250000
1366424914,117.500000000000,0.165182720000
1366424921,118.000000000000,1.129700000000
1366424944,118.000000000000,4.153740000000
1366424946,118.000000000000,3.315305740000
1366424959,117.680000000000,0.067199040000
1366424959,117.680000000000,0.066829450000
1366424959,117.500000000000,0.066461890000
1366424964,118.000000000000,0.200000000000
1366424989,117.680000000000,0.031828950000
1366424990,117.680000000000,0.031653890000
1366424990,117.500000000000,0.031479790000
1366425013,117.680000000000,0.857101340000
1366425013,117.680000000000,0.852387280000
1366425013,117.500000000000,0.847699150000
1366425034,117.680000000000,0.014985320000
1366425034,117.680000000000,0.014902900000
1366425034,117.500000000000,0.014820930000
1366425050,118.400000000000,1.619039800000
1366425086,118.319990000000,2.000000000000
1366425111,118.319990000000,5.000000000000
1366425134,117.700000000000,0.100000000000
1366425134,118.319990000000,0.021186440000
1366425150,118.319980000000,4.000000000000
1366425150,118.319990000000,2.710000000000
1366425155,118.319990000000,2.918965000000
1366425160,118.320000000000,1.000000000000
1366425167,118.320000000000,1.000000000000
1366425191,118.329310000000,0.032569610000
1366425202,118.329310000000,0.000008700000
1366425202,118.329310000000,0.486836860000
1366425219,118.320000000000,0.265900000000
1366425230,118.329310000000,0.222335610000
1366425257,118.329310000000,0.200000000000
1366425259,118.329310000000,4.047608130000
1366425281,118.329310000000,1.353700000000
1366425294,118.320000000000,5.121000000000
1366425294,118.320000000000,5.568324600000
1366425298,118.329310000000,0.858092920000
1366425325,118.320000000000,0.010000000000
1366425342,118.329310000000,0.400151660000
1366425363,118.329310000000,2.000000000000
1366425366,118.329310000000,7.774922880000
1366425370,118.329310000000,3.828600000000
1366425382,118.329310000000,0.806134570000
1366425405,118.329310000000,14.319039060000
1366425405,118.330000000000,1.731760940000
1366425413,118.330000000000,0.486000000000
1366425419,118.330000000000,0.411999060000
1366425428,118.470000000000,0.400000000000
1366425441,118.470010000000,10.000000000000
1366425448,118.470010000000,0.500000000000
1366425493,118.480000000000,1.000000000000
1366425500,118.490000000000,1.000000000000
1366425500,118.500000000000,18.657821600000
1366425500,118.500000000000,0.571034510000
1366425500,118.500000000000,0.030000000000
1366425500,118.500000000000,0.010000000000
1366425503,118.500000000000,0.222420900000
1366425530,118.500000000000,0.010000000000
1366425541,118.500000000000,4.711710210000
1366425545,118.480010000000,0.150000000000
1366425572,118.480010000000,0.010000000000
1366425601,118.480010000000,0.309000000000
1366425617,118.500000000000,0.232420910000
1366425617,118.600000000000,3.607579090000
1366425627,118.600000000000,7.458901810000
1366425627,118.601530000000,0.021920090000
1366425627,118.605880000000,0.973011620000
1366425629,118.480010000000,1.031000000000
1366425668,118.500000000000,0.010000000000
1366425678,118.590000000000,8.095960870000
1366425685,118.500010000000,0.232328280000
1366425687,118.500010000000,0.232328280000
1366425695,118.500010000000,7.797379300000
1366425696,118.500010000000,0.592357580000
1366425696,118.320000000000,1.484922120000
1366425698,118.320000000000,7.797379300000
1366425708,118.320000000000,4.750000000000
1366425710,118.590000000000,0.825788000000
1366425717,118.590000000000,0.213300000000
1366425717,118.320000000000,0.020000000000
1366425721,118.590000000000,0.200000000000
1366425752,118.590000000000,0.664951130000
1366425754,118.590010000000,4.135048870000
1366425754,118.320000000000,2.364951130000
1366425773,118.320000000000,0.528383070000
1366425781,118.320000000000,1.000000000000
1366425788,118.480000000000,0.033000000000
1366425788,118.480000000000,1.410000000000
1366425788,118.480000000000,0.053000000000
1366425792,118.500000000000,0.010000000000
1366425792,118.590010000000,1.568600000000
1366425805,118.590010000000,2.566448870000
1366425805,118.590010000000,2.433551130000
1366425847,118.590010000000,1.701497740000
1366425847,118.605880000000,0.026988390000
1366425847,118.650380000000,0.010000000000
1366425847,118.750000000000,0.010000000000
1366425848,118.750000000000,0.251513870000
1366425889,118.750000000000,0.129764040000
1366425933,118.740000000000,0.037400000000
1366425960,118.740000000000,1.015300000000
1366425973,118.750000000000,0.018722090000
1366425973,118.750000000000,0.020000000000
1366425973,118.864240000000,0.051277910000
1366425985,118.739990000000,0.090000000000
1366425992,118.739990000000,0.090000000000
1366426004,118.739990000000,0.512467530000
1366426032,118.739990000000,0.322832470000
1366426032,118.740000000000,5.899186080000
1366426033,118.864240000000,1.391712090000
1366426033,118.946500000000,0.010000000000
1366426033,118.950000000000,1.376269360000
1366426044,118.950000000000,0.250000000000
1366426047,118.950000000000,0.200000000000
1366426062,118.700000000000,0.500000000000
1366426072,118.950000000000,0.200000000000
1366426075,118.950000000000,2.099830640000
1366426079,118.950010000000,0.500000000000
1366426080,118.959900000000,0.200000000000
1366426085,118.959900000000,0.200000000000
1366426094,118.950010000000,0.500000000000
1366426105,118.959000000000,0.200000000000
1366426108,118.959000000000,0.200000000000
1366426110,118.950010000000,0.500000000000
1366426113,118.950010000000,0.100000000000
1366426113,118.959000000000,0.200000000000
1366426120,118.959000000000,0.200000000000
1366426126,118.950010000000,0.503569360000
1366426126,118.950010000000,1.100000000000
1366426126,118.959000000000,14.299755740000
1366426145,118.631250000000,0.050000000000
1366426147,118.959000000000,2.500000000000
1366426158,118.631240000000,0.411931540000
1366426162,118.631240000000,0.016949150000
1366426163,118.631240000000,1.144067800000
1366426171,118.631240000000,1.000000000000
1366426175,118.631240000000,5.000000000000
1366426180,118.631240000000,4.427051510000
1366426180,118.950000000000,0.182948490000
1366426207,118.950000000000,1.200000000000
1366426220,118.831060000000,0.100000000000
1366426238,118.480000000000,0.253500000000
1366426244,118.320000000000,1.013200000000
1366426245,118.320000000000,15.156974780000
1366426245,118.320000000000,0.575962900000
1366426245,118.100000000000,0.750500000000
1366426245,118.010000000000,0.100000000000
1366426245,118.000000000000,0.500000000000
1366426308,118.000000000000,4.000000000000
1366426310,117.800000000000,5.740000000000
1366426329,118.000000000000,0.040000000000
1366426336,117.800000000000,0.840128800000
1366426379,118.000000000000,0.200000000000
1366426406,117.882000000000,0.100000000000
1366426433,117.800000000000,1.219871200000
1366426433,117.800000000000,1.735516040000
1366426433,117.800000000000,1.000000000000
1366426441,117.760000000000,0.100000000000
1366426495,117.550000000000,0.100000000000
1366426503,117.510000000000,0.232328290000
1366426548,117.550000000000,0.200000000000
1366426560,117.550000000000,1.000000000000
1366426585,117.550000000000,0.017700000000
1366426588,117.510000000000,9.767671710000
1366426589,117.501000000000,1.000000000000
1366426589,117.501000000000,2.000000000000
1366426589,117.500000000000,24.132328290000
1366426596,117.500000000000,4.064878570000
1366426609,117.550000000000,4.253500000000
1366426639,117.550000000000,4.047604510000
1366426669,117.500000000000,22.716015730000
1366426669,117.500000000000,3.141500000000
1366426669,117.500000000000,4.142484270000
1366426671,117.550000000000,0.381195490000
1366426671,117.799990000000,1.044612760000
1366426671,117.799990000000,1.812271350000
1366426678,117.500000000000,1.800000000000
1366426692,117.500000000000,0.866081190000
1366426692,117.500000000000,0.053991300000
1366426726,117.799990000000,6.899198330000
1366426753,117.500000000000,0.046008700000
1366426755,117.499990000000,0.025000000000
1366426775,117.499990000000,3.000000000000
1366426816,117.799990000000,0.056802290000
1366426817,117.799990000000,0.200000000000
1366426843,117.500000000000,0.900000000000
1366426843,117.789990000000,0.099400000000
1366426843,117.799990000000,0.055807880000
1366426865,117.682190000000,0.100000000000
1366426865,117.500000000000,0.100000000000
1366426865,117.411960000000,0.847000000000
1366426865,117.300000000000,5.000000000000
1366426865,117.250000000000,0.190000000000
1366426865,117.010000000000,2.030000000000
1366426865,117.010000000000,17.788900000000
1366426866,117.001000000000,10.000000000000
1366426866,117.000000000000,0.100000000000
1366426866,116.848800000000,0.022061390000
1366426866,116.840000000000,1.000000000000
1366426866,116.650010000000,1.500000000000
1366426866,116.590000000000,0.010000000000
1366426866,116.580130000000,0.400457700000
1366426866,116.580000000000,5.146700000000
1366426866,116.500000000000,6.765317910000
1366426867,117.799990000000,1.376186760000
1366426877,117.500000000000,5.500000000000
1366426880,116.500010000000,0.010000000000
1366426911,117.499990000000,15.544274000000
1366426914,116.500010000000,0.010000000000
1366426948,116.500110000000,0.999972140000
1366426950,116.500110000000,0.160000000000
1366426954,117.499990000000,0.100000000000
1366426956,116.610000000000,0.010000000000
1366426979,116.649010000000,0.101234710000
1366426985,116.649010000000,2.165267800000
1366426985,116.649000000000,0.056000000000
1366426985,116.610000000000,0.047658000000
1366426985,116.600000000000,0.037000000000
1366426985,116.589000000000,0.022673650000
1366426985,116.570000000000,0.039200000000
1366426986,116.559600000000,0.040000000000
1366426986,116.530000000000,0.022000000000
1366426986,116.510000000000,0.070200550000
1366427002,117.499980000000,0.010000000000
1366427009,116.520110000000,0.509392720000
1366427013,116.559600000000,0.037871430000
1366427013,116.520110000000,0.334328570000
1366427017,116.589400000000,0.022452300000
1366427018,116.589400000000,0.027637020000
1366427031,117.499970000000,0.255300000000
1366427031,117.499970000000,0.099898570000
1366427035,116.600000000000,0.021715380000
1366427059,116.619000000000,0.028000000000
1366427059,116.600000000000,0.978284620000
1366427059,116.575000000000,0.056890000000
1366427060,116.530000000000,0.020000000000
1366427060,116.520110000000,1.000000000000
1366427060,116.520100000000,10.000000000000
1366427060,116.510000000000,19.929799450000
1366427060,116.510000000000,2.000000000000
1366427060,116.500100000000,8.978058780000
1366427108,117.479980000000,0.200000000000
1366427126,116.637200000000,0.021201000000
1366427126,116.637170000000,0.028151940000
1366427126,116.610400000000,0.021765640000
1366427126,116.610380000000,0.034925000000
1366427126,116.600000000000,0.027979000000
1366427126,116.583590000000,0.022000000000
1366427126,116.580000000000,0.026500000000
1366427126,116.560000000000,0.028200000000
1366427126,116.560000000000,0.051598830000
1366427126,116.530010000000,0.056028100000
1366427126,116.530000000000,0.021091000000
1366427126,116.500100000000,1.021941220000
1366427126,116.500010000000,0.030180000000
1366427126,116.500000000000,8.773148150000
1366427127,117.479980000000,3.613192670000
1366427127,117.480000000000,1.386807330000
1366427170,116.793880000000,0.055790400000
1366427215,117.499960000000,0.055790400000
1366427215,117.499970000000,0.021176000000
1366427215,117.499970000000,0.021060000000
1366427215,117.499980000000,0.021971800000
1366427216,117.499980000000,0.027600000000
1366427216,117.499980000000,0.022423500000
1366427216,117.499990000000,0.029978300000
1366427255,117.490000000000,0.000249720000
1366427262,117.490000000000,0.217756190000
1366427339,117.000000000000,1.500000000000
1366427339,117.490000000000,2.764389400000
1366427354,117.490000000000,0.089090920000
1366427360,117.490000000000,4.131924520000
1366427386,117.490000000000,5.000000000000
1366427404,117.489950000000,6.938270000000
1366427406,117.200000000000,0.392910510000
1366427462,117.200000000000,0.200000000000
1366427485,117.200000000000,3.000000000000
1366427494,117.200000000000,9.468819490000
1366427500,117.200010000000,0.295851640000
1366427502,117.489990000000,0.392910510000
1366427502,117.490000000000,1.807089490000
1366427529,117.490000000000,0.016000000000
1366427547,117.200020000000,0.010000000000
1366427547,117.200020000000,0.010203550000
1366427547,117.200020000000,0.021460000000
1366427547,117.200020000000,0.010000000000
1366427548,117.200020000000,0.143416260000
1366427573,117.200020000000,0.196834170000
1366427573,117.200010000000,0.051181130000
1366427576,117.200010000000,1.739000000000
1366427589,117.200010000000,1.243747740000
1366427589,117.200000000000,0.074200000000
1366427589,117.000000000000,13.682052260000
1366427591,117.000010000000,0.032374190000
1366427593,117.000010000000,0.698461020000
1366427593,117.000000000000,0.424460780000
1366427595,117.489990000000,0.210445780000
1366427636,117.489980000000,1.049604230000
1366427636,117.490000000000,2.997920010000
1366427642,117.000010000000,1.260100310000
1366427642,117.000000000000,12.218286960000
1366427643,117.000000000000,9.503699030000
1366427684,117.399990000000,0.254000000000
1366427715,117.399990000000,0.067619170000
1366427734,117.399990000000,0.036594840000
1366427750,117.000000000000,0.252476030000
1366427775,117.399990000000,0.764585480000
1366427775,117.400000000000,0.036114520000
1366427801,117.400000000000,0.200000000000
1366427851,117.400000000000,34.220000000000
1366427860,117.000010000000,0.748798160000
1366427860,117.000000000000,3.423324940000
1366427860,117.000000000000,1.371300000000
1366427860,117.000000000000,1.000000000000
1366427860,117.000000000000,1.253956210000
1366427876,117.399990000000,0.250000000000
1366427886,117.399990000000,0.000915410000
1366427889,117.399990000000,0.088702370000
1366427912,117.000000000000,0.010487490000
1366427921,117.399990000000,0.054201030000
1366427947,117.000000000000,0.131289230000
1366427950,117.000000000000,0.497000000000
1366427951,117.389990000000,0.354979350000
1366427951,117.390000000000,1.002000000000
1366427951,117.400000000000,20.938252850000
1366427952,117.400000000000,0.014692930000
1366427954,117.400000000000,0.052533230000
1366427978,117.010010000000,0.085598760000
1366427986,117.400000000000,0.049675000000
1366427993,117.010010000000,0.626107640000
1366427993,117.010000000000,0.173892360000
1366428013,117.399990000000,0.711706400000
1366428013,117.400000000000,1.388293600000
1366428014,117.010000000000,0.801107640000
1366428014,117.000000000000,3.107267070000
1366428014,116.900000000000,2.452300000000
1366428015,116.747400000000,0.021500000000
1366428015,116.730000000000,0.036430510000
1366428015,116.707410000000,0.021613000000
1366428015,116.700000000000,0.034800000000
1366428015,116.700000000000,0.050000000000
1366428015,116.700000000000,0.025247300000
1366428015,116.700000000000,0.035271680000
1366428015,116.700000000000,5.000000000000
1366428015,116.693000000000,0.040000000000
1366428015,116.693000000000,0.025630260000
1366428015,116.679300000000,0.034173000000
1366428015,116.665000000000,0.030000000000
1366428015,116.651000000000,0.035148700000
1366428015,116.640000000000,0.020000000000
1366428015,116.640000000000,0.021170000000
1366428015,116.530010000000,0.011852820000
1366428015,116.530000000000,1.392100000000
1366428015,116.520100000000,6.804388020000
1366428020,117.400000000000,0.047907130000
1366428036,117.010010000000,0.711708100000
1366428051,117.010000000000,0.046287160000
1366428052,116.520110000000,0.046009440000
1366428054,116.520110000000,0.378540460000
1366428054,116.520100000000,3.195611980000
1366428054,116.511200000000,0.231475960000
1366428078,117.009990000000,1.136258000000
1366428078,117.010000000000,0.054504740000
1366428078,117.400000000000,12.206626400000
1366428083,117.400000000000,0.279581550000
1366428095,116.511220000000,0.090000000000
1366428101,116.511220000000,0.010000000000
1366428110,117.399990000000,0.100000000000
1366428110,117.400000000000,9.696322790000
1366428110,117.479970000000,0.025000000000
1366428110,117.479970000000,0.035127500000
1366428110,117.479970000000,0.019987960000
1366428110,117.480000000000,0.049969000000
1366428110,117.480000000000,0.039975900000
1366428110,117.480000000000,0.021150000000
1366428110,117.480000000000,0.021599900000
1366428110,117.480000000000,0.034152430000
1366428110,117.480000000000,0.029981940000
1366428110,117.489990000000,0.021400000000
1366428110,117.489990000000,0.036418000000
1366428110,117.490000000000,2.160214580000
1366428126,117.490000000000,0.300000000000
1366428134,117.450000000000,0.010000000000
1366428144,117.490000000000,0.515365170000
1366428144,117.490010000000,0.847010000000
1366428158,117.490010000000,1.767459030000
1366428162,117.500000000000,0.057584000000
1366428162,117.500000000000,0.030000000000
1366428162,117.500000000000,0.039900000000
1366428162,117.500000000000,0.022600000000
1366428162,117.500000000000,0.055928000000
1366428162,117.500000000000,0.030000000000
1366428162,117.500000000000,0.036952000000
1366428162,117.500000000000,0.019977000000
1366428162,117.500000000000,0.056820000000
1366428162,117.500000000000,0.027967800000
1366428162,117.500000000000,0.055963700000
1366428162,117.500000000000,0.026460000000
1366428162,117.500000000000,0.028100000000
1366428162,117.500000000000,0.050000000000
1366428162,117.500000000000,0.021974000000
1366428162,117.500000000000,0.020000000000
1366428162,117.500000000000,0.034800000000
1366428162,117.500000000000,0.021740600000
1366428163,117.500000000000,0.028119000000
1366428163,117.500000000000,1.561289860000
1366428177,117.490010000000,0.699000000000
1366428181,117.500000000000,0.385300000000
1366428183,117.500000000000,0.000067740000
1366428195,117.500000000000,1.008683570000
1366428211,117.500000000000,0.119947490000
1366428217,117.500000000000,1.619039800000
1366428245,117.500000000000,0.048648170000
1366428276,117.500000000000,0.023330450000
1366428306,117.500000000000,0.011884050000
1366428308,117.490010000000,0.500000000000
1366428310,117.500000000000,4.075536170000
1366428351,117.490010000000,1.544000000000
1366428384,117.500000000000,1.000000000000
1366428389,117.490010000000,0.050000000000
1366428392,117.500000000000,0.529250460000
1366428395,117.490010000000,0.010000000000
1366428395,117.490010000000,1.000000000000
1366428417,117.490010000000,4.249350000000
1366428421,117.490010000000,1.000000000000
1366428467,117.500000000000,8.000000000000
1366428485,117.500000000000,1.617022240000
1366428485,117.500000000000,0.034000000000
1366428485,117.500000000000,0.025000000000
1366428485,117.500000000000,0.035259000000
1366428485,117.660000000000,1.288718760000
1366428492,117.660000000000,1.000000000000
1366428513,117.490020000000,0.020000000000
1366428522,117.500020000000,0.010000000000
1366428523,117.490020000000,0.113814720000
1366428523,117.490010000000,0.676185280000
1366428537,117.500030000000,0.098498950000
1366428537,117.490010000000,0.889501050000
1366428544,117.490010000000,0.023517330000
1366428547,117.659980000000,0.232313670000
1366428547,117.660000000000,2.692836600000
1366428547,117.790000000000,13.109648690000
1366428547,117.799980000000,0.500000000000
1366428547,117.799990000000,9.542842790000
1366428554,117.490010000000,2.000000000000
1366428597,117.490010000000,0.051212140000
1366428601,117.490010000000,0.133992610000
1366428614,117.490010000000,0.200000000000
1366428624,117.490000000000,0.010663230000
1366428627,117.490000000000,0.449674520000
1366428627,117.490000000000,0.017425680000
1366428627,117.000000000000,2.516399800000
1366428646,117.000010000000,1.034971260000
1366428646,117.000000000000,0.038800200000
1366428652,116.640010000000,0.584481940000
1366428652,116.640000000000,12.777175060000
1366428652,116.634050000000,0.036305270000
1366428652,116.634030000000,0.028200000000
1366428652,116.611230000000,0.021200000000
1366428652,116.605560000000,0.037109960000
1366428652,116.600000000000,0.054000000000
1366428652,116.596050000000,0.020000000000
1366428652,116.588400000000,0.035911660000
1366428653,116.580000000000,0.036400000000
1366428653,116.580000000000,1.278092290000
1366428653,116.565630000000,0.037200000000
1366428653,116.560000000000,0.034400000000
1366428653,116.549000000000,0.057937540000
1366428653,116.542830000000,0.027000000000
1366428653,116.520200000000,8.010063740000
1366428653,116.520030000000,0.020000000000
1366428653,116.520030000000,0.036100000000
1366428653,116.520000000000,0.010000000000
1366428653,116.520000000000,0.035651000000
1366428653,116.520000000000,0.021000000000
1366428653,116.511110000000,6.565900000000
1366428653,116.510010000000,0.500000000000
1366428653,116.510000000000,12.706789140000
1366428658,116.510000000000,5.000000000000
1366428672,117.500000000000,1.989000000000
1366428708,117.500000000000,0.001471200000
1366428709,117.599990000000,0.030000000000
1366428709,117.599990000000,0.050000000000
1366428709,117.600000000000,0.022400000000
1366428721,117.500000000000,1.707131190000
1366428736,117.599980000000,0.046314620000
1366428736,117.599990000000,0.028172400000
1366428736,117.599990000000,0.036064670000
1366428736,117.600000000000,2.977600000000
1366428736,117.650000000000,0.911802880000
1366428765,117.650000000000,0.210000000000
1366428777,117.650000000000,3.861697120000
1366428777,117.799980000000,0.035600000000
1366428778,117.799980000000,0.019000000000
1366428778,117.799980000000,0.020000000000
1366428778,117.799980000000,0.020000000000
1366428778,117.799980000000,0.030000000000
1366428778,117.799980000000,0.036000000000
1366428778,117.799980000000,0.019980000000
1366428778,117.799980000000,0.037767490000
1366428850,117.600010000000,0.046113920000
1366428850,117.500000000000,7.722397610000
1366428850,117.500000000000,0.231488470000
1366428857,117.650000000000,0.034622890000
1366428864,117.650010000000,0.092268850000
1366428864,117.650000000000,72.419968970000
1366428874,117.500010000000,0.051879940000
1366428874,117.500000000000,0.534580060000
1366428889,117.500020000000,0.065625710000
1366428890,117.500000000000,10.053931470000
1366428890,117.500000000000,10.820000000000
1366428897,117.500000000000,0.201697950000
1366428908,117.000010000000,0.947755350000
1366428908,117.000000000000,0.052244650000
1366428913,117.000000000000,13.218893070000
1366428913,117.000000000000,17.781106930000
1366428930,117.000000000000,0.020500000000
1366428939,117.000000000000,2.198393070000
1366428939,116.703000000000,0.010000000000
1366428939,116.600000000000,13.176000000000
1366428939,116.510000000000,2.293210860000
1366428939,116.510000000000,23.000000000000
1366428939,116.508000000000,1.974100000000
1366428939,116.500000000000,0.161533940000
1366428939,116.500000000000,1.005025130000
1366428939,116.500000000000,5.100000000000
1366428939,116.500000000000,0.400000000000
1366428939,116.500000000000,80.000000000000
1366428940,116.500000000000,0.100000000000
1366428940,116.500000000000,1.004300000000
1366428940,116.450000000000,0.856561680000
1366428940,116.448620000000,0.010000000000
1366428940,116.420000000000,4.335545970000
1366428958,117.000000000000,0.099800000000
1366428981,117.000000000000,1.463336320000
1366429020,117.000000000000,0.100000000000
1366429041,117.000000000000,1.755663680000
1366429057,117.000000000000,1.000000000000
1366429079,116.420010000000,0.300000000000
1366429123,116.999990000000,1.469020880000
1366429123,117.000000000000,0.030979120000
1366429138,117.000000000000,1.050000000000
1366429138,116.500010000000,0.734510440000
1366429138,116.500000000000,5.659227470000
1366429138,116.420010000000,1.000000000000
1366429139,116.420000000000,7.664454030000
1366429139,116.420000000000,1.782653700000
1366429139,116.420000000000,1.782653700000
1366429139,116.400010000000,0.500000000000
1366429139,116.375000000000,10.200000000000
1366429139,116.300100000000,10.000000000000
1366429139,116.260010000000,4.000000000000
1366429139,116.250000000000,1.551700000000
1366429139,116.233770000000,1.005700010000
1366429139,116.200000000000,1.050000000000
1366429139,116.175000000000,1.291050000000
1366429139,116.158720000000,0.010000000000
1366429139,116.100000000000,17.000000000000
1366429139,116.080000000000,5.000000000000
1366429139,116.050020000000,3.058455340000
1366429140,116.028070000000,0.050000000000
1366429140,116.010000000000,3.921100000000
1366429140,116.000100000000,0.082600000000
1366429140,116.000030000000,1.758000000000
1366429140,116.000010000000,6.621095310000
1366429140,116.000010000000,3.378904690000
1366429140,116.000000000000,1.000000000000
1366429140,116.000000000000,2.730813960000
1366429140,116.000000000000,1.000000000000
1366429140,116.000000000000,0.334484390000
1366429140,116.000000000000,1.000000000000
1366429140,116.000000000000,1.197276960000
1366429148,116.999990000000,3.792965780000
1366429148,117.000000000000,3.853357200000
1366429148,117.500000000000,3.858744870000
1366429148,117.500000000000,1.000000000000
1366429148,117.500020000000,0.019332550000
1366429149,117.649860000000,1.725261610000
1366429149,117.649990000000,2.487762180000
1366429149,117.700000000000,5.000000000000
1366429149,117.799980000000,0.012232510000
1366429149,117.799980000000,0.034300000000
1366429149,117.799980000000,0.026973000000
1366429149,117.799980000000,0.037000000000
1366429149,117.799980000000,0.036269000000
1366429149,117.799990000000,2.054870240000
1366429161,117.000010000000,2.984190580000
1366429161,117.000000000000,0.740000000000
1366429161,116.000000000000,1.909004530000
1366429184,117.000000000000,0.520000000000
1366429184,116.430010000000,0.019508040000
1366429184,116.000140000000,0.490491960000
1366429215,117.188360000000,1.376185330000
1366429218,116.020010000000,0.010000000000
1366429242,117.188340000000,0.360000000000
1366429244,116.120010000000,0.010000000000
1366429255,117.188330000000,1.248005250000
1366429255,117.188370000000,0.141516870000
1366429255,117.799860000000,0.994000000000
1366429255,117.799870000000,0.616477880000
1366429345,117.188370000000,1.089500000000
1366429379,117.188370000000,0.124218180000
1366429436,117.200000000000,2.000000000000
1366429508,117.200000000000,0.019388200000
1366429521,117.200000000000,1.004984070000
1366429593,117.474170000000,0.681000000000
1366429597,117.200000000000,9.044856690000
1366429614,117.200000000000,0.110000000000
1366429720,117.474170000000,0.532718180000
1366429721,117.474190000000,0.014639040000
1366429721,117.500000000000,6.560000000000
1366429721,117.650000000000,6.130000000000
1366429721,117.740000000000,3.503206750000
1366429744,117.740000000000,4.500000000000
1366429774,117.740000000000,0.017064850000
1366429774,117.740000000000,1.151877130000
1366429776,117.200010000000,1.356175640000
1366429776,117.200000000000,2.643824360000
1366429815,117.739990000000,0.924565300000
1366429856,117.200000000000,0.400567300000
1366429981,117.200000000000,18.743779380000
1366429981,117.200000000000,0.019321340000
1366429981,117.200000000000,3.127281220000
1366429981,117.188370000000,0.250000000000
1366429981,117.188370000000,0.250000000000
1366429981,117.188360000000,0.250000000000
1366429981,117.188360000000,0.090782730000
1366429981,116.560000000000,0.500000000000
1366429981,116.267380000000,0.056400900000
1366429982,116.267000000000,0.039000000000
1366429982,116.260000000000,0.250000000000
1366429982,116.258000000000,0.055000000000
1366429982,116.230540000000,0.023577600000
1366429982,116.230000000000,0.037265600000
1366429982,116.210000000000,0.028220000000
1366429982,116.200000000000,0.020000000000
1366429982,116.200000000000,0.038602600000
1366429982,116.190000000000,0.030000000000
1366429982,116.166000000000,0.030000000000
1366429982,116.160000000000,0.040000000000
1366429982,116.156860000000,0.027810000000
1366429982,116.150500000000,0.053980000000
1366429982,116.120130000000,0.816096040000
1366429982,116.120020000000,0.028501300000
1366429982,116.120000000000,0.027419380000
1366429982,116.120000000000,0.056803250000
1366429982,116.120000000000,0.021800000000
1366429982,116.120000000000,11.000000000000
1366429982,116.112900000000,0.022565300000
1366429982,116.100000000000,0.029000000000
1366429982,116.100000000000,0.037708000000
1366429982,116.100000000000,5.000000000000
1366429982,116.090300000000,0.037539800000
1366429983,116.060000000000,0.060000000000
1366429983,116.060000000000,0.500000000000
1366429983,116.040000000000,0.010000000000
1366429983,116.038000000000,0.055886000000
1366429983,116.030000000000,0.057247000000
1366429983,116.030000000000,1.000000000000
1366429983,116.028000000000,0.200000000000
1366429983,116.016470000000,0.050000000000
1366429983,116.000010000000,1.000000000000
1366429983,116.000000000000,4.893718510000
1366429983,116.000000000000,1.409500000000
1366429983,116.000000000000,15.725194050000
1366429983,116.028000000000,0.020000000000
1366429983,117.739990000000,0.135411550000
1366429983,116.000000000000,0.155411550000
1366429984,117.739990000000,0.000290770000
1366429990,117.199990000000,0.020000000000
1366429994,116.028010000000,0.010000000000
1366430014,117.000000000000,0.147954010000
1366430014,116.028000000000,0.200000000000
1366430014,116.000000000000,2.800000000000
1366430021,117.000000000000,0.094374230000
1366430025,116.000010000000,0.010000000000
1366430040,117.000000000000,0.250000000000
1366430042,116.000010000000,0.010000000000
1366430073,116.900000000000,0.269118130000
1366430077,116.028010000000,0.010000000000
1366430088,116.028010000000,1.956900000000
1366430093,116.028010000000,0.000054710000
1366430109,116.900000000000,0.006568070000
1366430112,116.900010000000,2.717275520000
1366430144,116.900010000000,0.073492240000
1366430161,116.900010000000,0.011030530000
1366430204,116.900010000000,0.038979900000
1366430208,116.900010000000,2.000000000000
1366430225,116.900010000000,0.019214120000
1366430239,116.999990000000,0.047033580000
1366430239,117.000000000000,0.253966420000
1366430256,117.000000000000,1.992759570000
1366430312,116.900020000000,0.047034220000
1366430312,116.900010000000,0.133439620000
1366430313,116.900000000000,0.310526160000
1366430313,116.900000000000,0.189285200000
1366430313,116.900000000000,0.019240470000
1366430313,116.164500000000,0.025900000000
1366430313,116.140000000000,0.020163480000
1366430313,116.109890000000,0.034000000000
1366430313,116.100000000000,0.051213440000
1366430313,116.082600000000,0.021728340000
1366430313,116.062130000000,0.623633930000
1366430313,116.062000000000,0.052914100000
1366430313,116.055310000000,0.030000000000
1366430313,116.050000000000,1.391921040000
1366430339,116.999990000000,0.047034220000
1366430339,117.000000000000,0.399586050000
1366430341,116.050010000000,0.010000000000
1366430361,116.999990000000,0.020139760000
1366430362,117.000000000000,0.539860250000
1366430365,116.175410000000,0.035522640000
1366430372,117.000000000000,0.027776660000
1366430405,117.000000000000,2.429587750000
1366430414,117.000000000000,0.076571200000
1366430414,117.000000000000,0.076571200000
1366430416,117.000000000000,0.076571200000
1366430417,117.000000000000,0.076571200000
1366430417,117.000000000000,0.076571200000
1366430437,116.175410000000,3.203308130000
1366430437,116.175400000000,0.030000000000
1366430437,116.110000000000,0.025787700000
1366430437,116.050000000000,2.916578960000
1366430437,116.050000000000,0.034343880000
1366430437,116.001000000000,1.845160210000
1366430437,116.000000000000,0.179337930000
1366430437,116.000000000000,0.495224560000
1366430437,116.000000000000,4.245900000000
1366430437,116.000000000000,0.050000000000
1366430437,116.000000000000,1.000000000000
1366430437,116.000000000000,2.044393510000
1366430445,116.125000000000,0.025600000000
1366430447,116.124990000000,0.050560000000
1366430448,116.124990000000,0.032548300000
1366430480,116.124990000000,0.024315100000
1366430482,116.124990000000,0.024987800000
1366430485,116.124990000000,0.025900000000
1366430522,116.050000000000,0.010000000000
1366430522,116.050000000000,0.020000000000
1366430538,116.124990000000,9.883675770000
1366430546,116.124990000000,0.048659060000
1366430555,116.124990000000,4.812508140000
1366430593,116.124990000000,0.390079280000
1366430596,116.999870000000,0.023369150000
1366430623,116.999860000000,0.010000000000
1366430623,116.999860000000,0.011452220000
1366430637,116.125010000000,0.410020280000
1366430637,116.125000000000,4.589979720000
1366430643,116.999850000000,0.341900000000
1366430656,116.998980000000,0.588900000000
1366430712,116.500000000000,0.013000000000
1366430717,116.799970000000,0.070800000000
1366430730,116.799970000000,2.105900000000
1366430736,116.799970000000,0.184247530000
1366430743,116.799970000000,0.335651300000
1366430743,116.800000000000,1.880328700000
1366430762,116.800000000000,0.488317060000
1366430794,116.600000000000,1.977700000000
1366430794,116.500000000000,0.287000000000
1366430794,116.200000000000,10.000000000000
1366430794,116.125000000000,50.641041000000
1366430794,116.124990000000,0.084967950000
1366430794,116.124990000000,0.084967950000
1366430795,116.124990000000,0.084967950000
1366430795,116.100000000000,5.000000000000
1366430795,116.050000000000,41.052657900000
1366430795,116.000000000000,5.955606490000
1366430795,116.000000000000,0.491400000000
1366430795,116.000000000000,6.677240000000
1366430795,116.000000000000,0.200000000000
1366430795,115.860000000000,0.269049020000
1366430795,115.802240000000,0.180000000000
1366430795,115.800000000000,0.121300000000
1366430795,115.771780000000,0.050000000000
1366430795,115.740010000000,1.000000000000
1366430795,115.684860000000,0.010000000000
1366430795,115.600000000000,2.733600000000
1366430795,115.597010000000,1.297500000000
1366430795,115.560000000000,1.730700000000
1366430795,115.550130000000,0.483827510000
1366430795,115.550130000000,0.500000000000
1366430795,115.550020000000,4.225000000000
1366430795,115.550000000000,10.000000000000
1366430795,115.540000000000,0.861474230000
1366430806,116.800000000000,0.631354240000
1366430808,116.989900000000,1.000000000000
1366430820,116.810030000000,0.012013920000
1366430843,116.810030000000,0.140455350000
1366430843,116.800010000000,2.443645760000
1366430843,115.540000000000,1.525898890000
1366430846,115.540010000000,0.010028540000
1366430873,116.000000000000,0.081248910000
1366430880,116.000000000000,0.121873360000
1366430880,115.560000000000,27.178500000000
1366430884,115.559990000000,1.017740480000
1366430886,115.559990000000,0.182810040000
1366430889,115.540010000000,0.010000000000
1366430921,115.559990000000,0.040000000000
1366430935,116.000000000000,0.196877730000
1366430935,116.000000000000,10.223995590000
1366431001,115.560010000000,0.381633880000
1366431001,115.560000000000,1.606366120000
1366431018,115.560020000000,0.470032000000
1366431018,115.560000000000,3.977668000000
1366431022,115.560000000000,44.375965880000
1366431022,115.559990000000,0.526923840000
1366431022,115.540000000000,3.818266880000
1366431022,115.540000000000,6.638400000000
1366431022,115.530430000000,0.282999990000
1366431023,115.530000000000,0.400000000000
1366431023,115.500000000000,0.448100000000
1366431023,115.500000000000,1.200000000000
1366431023,115.500000000000,0.730127610000
1366431023,115.500000000000,3.000000000000
1366431023,115.500000000000,10.000000000000
1366431023,115.461000000000,1.000000000000
1366431023,115.460000000000,2.500000000000
1366431023,115.450000000000,85.079215800000
1366431034,115.560030000000,0.102417220000
1366431039,115.560020000000,0.482949380000
1366431039,115.997000000000,1.517050620000
1366431041,115.700000000000,0.001973030000
1366431041,115.450010000000,0.043930860000
1366431089,115.500020000000,0.341541350000
1366431089,115.500000000000,0.087498810000
1366431108,115.500030000000,0.185235490000
1366431109,115.500000000000,5.575854540000
1366431109,115.500000000000,0.270000000000
1366431109,115.450000000000,2.626909970000
1366431125,115.899980000000,0.024563850000
1366431143,115.450010000000,0.279851990000
1366431143,115.450000000000,27.998472970000
1366431162,115.450000000000,1.988000000000
1366431173,115.799990000000,2.109342710000
1366431173,115.800000000000,1.818801290000
1366431188,115.997000000000,14.813900000000
1366431194,115.800000000000,1.000000000000
1366431197,115.800000000000,49.000000000000
1366431199,115.800010000000,1.000000000000
1366431200,115.800000000000,0.187650880000
1366431219,115.800000000000,1.000000000000
1366431258,115.800000000000,0.200000000000
1366431261,115.460010000000,0.375613600000
1366431262,115.460000000000,10.000000000000
1366431262,115.450010000000,10.000000000000
1366431262,115.450010000000,10.000000000000
1366431262,115.450000000000,2.717205970000
1366431262,115.450000000000,20.000000000000
1366431262,115.450000000000,20.000000000000
1366431262,115.449060000000,0.010000000000
1366431262,115.407600000000,1.000000000000
1366431262,115.400000000000,25.467180430000
1366431271,115.400010000000,0.099400000000
1366431282,115.410000000000,0.200638960000
1366431304,115.500000000000,1.077800000000
1366431319,115.410010000000,0.054537870000
1366431319,115.410000000000,9.799361040000
1366431325,115.410000000000,0.075088900000
1366431329,115.410000000000,5.000000000000
1366431362,115.410000000000,0.337370000000
1366431403,115.410000000000,0.100000000000
1366431414,115.410000000000,1.000000000000
1366431420,115.410000000000,5.000000000000
1366431435,115.410000000000,8.000000000000
1366431464,115.410000000000,0.025863090000
1366431466,115.410000000000,10.000000000000
1366431479,115.410000000000,0.582659040000
1366431519,115.410000000000,16.072700000000
1366431527,115.410000000000,3.095332840000
1366431558,115.410000000000,0.500000000000
1366431560,115.410000000000,13.732829560000
1366431578,115.410000000000,4.312434480000
1366431579,115.500000000000,5.687565520000
1366431579,115.409990000000,0.000093400000
1366431579,115.400000000000,4.532819570000
1366431583,115.400000000000,0.036285040000
1366431583,115.400000000000,8.536969190000
1366431583,115.500000000000,0.117183720000
1366431587,115.500000000000,3.840267440000
1366431595,115.500000000000,10.000000000000
1366431596,115.500000000000,46.707434190000
1366431602,115.500000000000,7.969749130000
1366431619,115.500010000000,0.019129270000
1366431622,115.979890000000,8.723236520000
1366431622,115.979900000000,19.662851270000
1366431622,115.990000000000,1.722612210000
1366431625,115.500020000000,0.010000000000
1366431650,115.989980000000,0.019129270000
1366431652,115.989990000000,0.980870730000
1366431652,115.520000000000,6.851848400000
1366431680,115.990000000000,0.277387790000
1366431680,115.997000000000,0.722612210000
1366431720,115.520010000000,0.020000000000
1366431722,115.996000000000,0.010000000000
1366431731,115.520010000000,0.023218780000
1366431731,115.520010000000,0.012000000000
1366431731,115.996990000000,0.010000000000
1366431731,115.997000000000,2.990000000000
1366431732,115.520010000000,0.116812800000
1366431745,115.996980000000,0.152031580000
1366431745,115.997000000000,0.847968420000
1366431777,115.997000000000,29.108468750000
1366431777,116.000000000000,2.349876590000
1366431777,116.000000000000,1.000000000000
1366431777,116.000000000000,4.240801600000
1366431777,116.313370000000,0.187923480000
1366431777,116.352920000000,0.187923480000
1366431777,116.392470000000,0.187923480000
1366431777,116.400000000000,50.000000000000
1366431777,116.432020000000,0.187923480000
1366431777,116.471570000000,0.187923480000
1366431777,116.511120000000,0.187923480000
1366431777,116.550670000000,0.187923480000
1366431777,116.590220000000,0.187923480000
1366431777,116.629770000000,0.187923480000
1366431777,116.669320000000,0.187923480000
1366431777,116.708870000000,0.187923480000
1366431778,116.748420000000,0.187923480000
1366431778,116.787970000000,0.187923480000
1366431778,116.799870000000,1.757847820000
1366431803,116.800000000000,0.009730990000
1366431816,115.520000000000,0.011761200000
1366431849,115.530000000000,0.001253020000
1366431932,115.600000000000,0.100000000000
1366431933,116.789970000000,0.010000000000
1366431948,116.789960000000,0.010000000000
1366431976,116.789940000000,0.010000000000
1366431981,116.116000000000,0.010000000000
1366431995,116.115990000000,0.212500000000
1366432044,116.500000000000,0.319469920000
1366432044,116.540000000000,0.319469920000
1366432044,116.580000000000,0.177720360000
1366432048,116.010000000000,0.010000000000
1366432048,116.000000000000,0.010000000000
1366432048,115.600000000000,0.980000000000
1366432049,116.499990000000,0.089606150000
1366432050,116.499990000000,0.089606150000
1366432051,116.499990000000,0.009914590000
1366432056,116.000000000000,0.982098530000
1366432056,115.600000000000,0.017901470000
1366432071,116.000000000000,0.010000000000
1366432071,115.600000000000,5.602098530000
1366432071,115.599990000000,0.019234950000
1366432071,115.530000000000,29.998746980000
1366432071,115.521000000000,5.000000000000
1366432071,115.520000000000,3.136390400000
1366432071,115.500000000000,1.500000000000
1366432071,115.500000000000,4.000000000000
1366432071,115.330000000000,0.733529140000
1366432105,116.010000000000,2.000000000000
1366432111,116.220000000000,1.000000000000
1366432119,116.220000000000,0.010000000000
1366432131,116.220000000000,0.990000000000
1366432133,116.220010000000,0.010000000000
1366432133,116.219990000000,0.010000000000
1366432133,115.340000000000,0.010000000000
1366432133,115.330000000000,0.133570860000
1366432134,115.330000000000,0.442200000000
1366432134,115.300000000000,0.865120660000
1366432134,115.300000000000,2.530292360000
1366432134,115.250000000000,0.010000000000
1366432134,115.250000000000,12.944300000000
1366432134,115.222200000000,15.000000000000
1366432134,115.200010000000,0.975458430000
1366432134,115.200000000000,65.069057690000
1366432138,116.220000000000,0.200000000000
1366432153,116.789790000000,12.506217850000
1366432160,116.220010000000,0.579163090000
1366432171,116.499990000000,0.042800000000
1366432173,116.220010000000,0.220836910000
1366432181,116.220000000000,0.015800030000
1366432185,116.220000000000,4.400000000000
1366432189,116.220000000000,5.363363060000
1366432189,116.220010000000,0.015689430000
1366432210,115.330000000000,0.052600000000
1366432210,115.300000000000,0.010000000000
1366432237,115.240000000000,0.130000000000
1366432245,115.300000000000,0.015739750000
1366432283,115.300000000000,1.000000000000
1366432318,115.299900000000,0.008857590000
1366432318,115.240000000000,0.001994400000
1366432329,115.300000000000,1.000000000000
1366432357,115.266520000000,0.019120000000
1366432358,115.300000000000,0.230880000000
1366432373,115.266520000000,0.010848250000
1366432388,115.300000000000,17.690000000000
1366432396,115.300000000000,0.000780250000
1366432396,116.000000000000,0.020771470000
1366432441,116.000000000000,0.979228530000
1366432442,116.100000000000,0.010000000000
1366432442,116.500000000000,0.643753300000
1366432611,115.500000000000,0.050000000000
1366432682,115.569680000000,0.043260000000
1366432739,116.000000000000,0.010000000000
1366432739,116.313370000000,0.158535930000
1366432739,116.379150000000,0.158535930000
1366432739,116.400000000000,0.010000000000
1366432739,116.444930000000,0.158535930000
1366432739,116.470000000000,8.085603150000
1366432744,116.469990000000,2.603400000000
1366432746,116.469990000000,15.800000000000
1366432800,116.469990000000,2.575793210000
1366432804,116.470000000000,0.013132230000
1366432853,116.459980000000,0.076868810000
1366432867,115.693710000000,0.050000000000
1366432875,116.459980000000,1.889100000000
1366432880,115.693710000000,0.389000000000
1366432889,115.693700000000,0.011285570000
1366432896,115.693700000000,39.599714430000
1366432945,116.459990000000,8.024558470000
1366433110,116.200000000000,0.010000000000
1366433186,115.800000000000,0.036683160000
1366433186,115.750100000000,0.235316840000
1366433248,115.750100000000,0.026036730000
1366433292,115.750100000000,9.258000000000
1366433313,116.000000000000,0.076915040000
1366433336,115.750100000000,4.000000000000
1366433414,116.499990000000,4.797175990000
1366433421,116.000000000000,0.017241380000
1366433421,116.000000000000,0.824823420000
1366433421,116.500000000000,0.338969680000
1366433490,116.499990000000,5.675700000000
1366433517,116.499990000000,0.909545570000
1366433586,116.000000000000,0.105356800000
1366433740,116.000000000000,0.011691460000
1366433740,116.000000000000,0.011180160000
1366433896,116.250000000000,0.014750000000
1366433920,116.230000000000,8.684784140000
1366433936,116.459990000000,30.000000000000
1366433940,116.230010000000,1.265063800000
1366433947,116.459990000000,0.887700000000
1366433955,116.459990000000,13.590607290000
1366433958,116.459990000000,0.017319550000
1366433982,116.000000000000,0.526445430000
1366433994,116.459990000000,1.683138860000
1366433994,116.460000000000,2.646861140000
1366434036,116.000010000000,1.000000000000
1366434081,116.460000000000,1.402900000000
1366434110,116.460000000000,3.450000000000
1366434110,116.460000000000,1.000000000000
1366434128,116.460000000000,0.010000000000
1366434217,116.460000000000,0.002269790000
1366434258,116.460000000000,0.181800000000
1366434286,116.460000000000,0.031391920000
1366434326,116.460000000000,7.262291840000
1366434326,116.500000000000,0.017277020000
1366434326,116.500000000000,0.497000000000
1366434326,116.550000000000,0.237803900000
1366434326,116.577210000000,0.237803900000
1366434326,116.604420000000,0.237803900000
1366434326,116.631630000000,0.237803900000
1366434326,116.658840000000,0.237803900000
1366434326,116.679990000000,2.614363790000
1366434326,116.686050000000,0.237803900000
1366434326,116.713260000000,0.237803900000
1366434326,116.740470000000,0.237803900000
1366434326,116.750000000000,0.010000000000
1366434326,116.760000000000,12.975165210000
1366434326,116.769990000000,10.000000000000
1366434326,116.770000000000,29.287698030000
1366434331,116.770000000000,0.712301970000
1366434335,116.790000000000,0.050000000000
1366434336,116.770010000000,0.787698030000
1366434343,116.770020000000,0.210415860000
1366434377,116.790000000000,0.014533640000
1366434381,116.790000000000,0.171700000000
1366434387,116.790000000000,1.500000000000
1366434390,116.770020000000,2.223284140000
1366434390,116.000130000000,3.819229740000
1366434390,116.000000000000,3.345326150000
1366434390,116.000000000000,0.019390700000
1366434390,116.000000000000,0.682769270000
1366434418,116.790000000000,2.466200000000
1366434453,116.000010000000,0.018888920000
1366434455,116.790000000000,0.000021400000
1366434520,116.790000000000,4.411988760000
1366434520,116.790000000000,0.588011240000
1366434569,116.790000000000,13.477606680000
1366434569,116.789990000000,0.020775030000
1366434569,116.800000000000,1.074343260000
1366434635,116.500020000000,0.427134150000
1366434636,116.500000000000,0.250000000000
1366434636,116.500000000000,0.123898020000
1366434636,116.121000000000,0.200000000000
1366434636,116.000010000000,0.018890400000
1366434636,116.000000000000,4.575930730000
1366434636,115.916620000000,0.166666670000
1366434636,115.833300000000,0.166666670000
1366434636,115.750130000000,2.687228620000
1366434636,115.750000000000,0.442200000000
1366434636,115.749980000000,0.166666670000
1366434636,115.700000000000,6.642370600000
1366434644,115.700010000000,0.010000000000
1366434647,116.799990000000,0.427134150000
1366434647,116.800000000000,0.372865850000
1366434651,115.700010000000,0.010000000000
1366434676,116.799970000000,0.010000000000
1366434676,116.800000000000,1.108070000000
1366434679,115.750010000000,0.010000000000
1366434734,116.000010000000,1.588300000000
1366434749,116.399990000000,0.009880240000
1366434805,116.000000000000,0.017200000000
1366434805,116.000000000000,0.982800000000
1366434813,116.399990000000,1.578419760000
1366434813,116.400000000000,0.041666670000
1366434813,116.408330000000,0.041666670000
1366434813,116.416660000000,0.041666670000
1366434813,116.424990000000,0.041666670000
1366434813,116.433320000000,0.012166670000
1366434840,116.000010000000,0.110730950000
1366434870,116.000010000000,0.790990950000
1366434870,116.000000000000,1.199309050000
1366434873,116.000000000000,1.000000000000
1366434971,116.000000000000,0.160290950000
1366434971,116.000000000000,0.064730110000
1366434971,116.000000000000,0.084000000000
1366434973,116.000000000000,1.851269890000
1366434973,116.000000000000,1.000000000000
1366434973,115.800000000000,4.116730110000
1366434973,115.800000000000,0.200000000000
1366434974,115.800000000000,0.014550000000
1366434974,115.800000000000,0.079700000000
1366434974,115.800000000000,0.787619890000
1366434974,115.760000000000,3.522380110000
1366434974,115.760000000000,0.067000000000
1366434985,116.314730000000,0.043220000000
1366434990,115.760010000000,0.010000000000
1366435016,115.760020000000,0.122000000000
1366435031,115.760020000000,0.128985460000
1366435126,116.199990000000,0.858501900000
1366435126,116.752900000000,0.026763890000
1366435126,116.760320000000,0.026763890000
1366435126,116.767740000000,0.026763890000
1366435126,116.775160000000,0.026763890000
1366435126,116.782580000000,0.026763890000
1366435126,116.790000000000,0.026763890000
1366435126,116.799870000000,1.989704320000
1366435126,116.800000000000,6.880109550000
1366435129,115.760030000000,0.010000000000
1366435179,115.760040000000,0.999500000000
1366435224,115.760040000000,0.010277430000
1366435240,115.760040000000,3.066042070000
1366435240,115.760000000000,6.433957930000
1366435345,115.760000000000,0.050000000000
1366435399,116.531900000000,4.326804960000
1366435399,116.708380000000,0.026763890000
1366435399,116.715800000000,0.026763890000
1366435399,116.723220000000,0.026763890000
1366435399,116.730640000000,0.026763890000
1366435399,116.738060000000,0.026763890000
1366435399,116.745480000000,0.026763870000
1366435399,116.800000000000,40.554880350000
1366435399,116.800000000000,22.926481330000
1366435448,115.800020000000,0.193465250000
1366435449,115.800000000000,0.432300000000
1366435449,115.760000000000,1.106661960000
1366435449,115.700010000000,5.000000000000
1366435449,115.700000000000,3.267572790000
1366435480,115.999990000000,0.193465250000
1366435480,116.000000000000,0.050004480000
1366435480,116.799870000000,0.108266550000
1366435489,115.700020000000,0.200000000000
1366435491,115.700020000000,0.309287610000
1366435507,115.700020000000,0.200000000000
1366435538,115.700020000000,1.047000000000
1366435567,116.000000000000,0.021176620000
1366435579,116.000000000000,0.136872800000
1366435597,116.000000000000,1.000000000000
1366435613,116.000000000000,0.010000000000
1366435623,116.000000000000,0.488800000000
1366435641,116.000000000000,0.750000000000
1366435654,116.249980000000,0.665340670000
1366435655,116.000000000000,0.200000000000
1366435669,116.249980000000,0.128800000000
1366435700,116.000000000000,0.350000000000
1366435754,116.249970000000,0.962146940000
1366435754,116.799870000000,2.277407230000
1366435754,116.799990000000,5.000000000000
1366435754,116.800000000000,4.531144940000
1366435815,116.800000000000,0.038355370000
1366435835,116.800000000000,2.140400000000
1366435850,116.800000000000,0.363618360000
1366435850,116.800000000000,1.000000000000
1366435850,116.800000000000,4.972500000000
1366435850,116.800000000000,0.200000000000
1366435850,116.800000000000,2.025481640000
1366435879,116.800000000000,0.127069940000
1366435884,116.500010000000,0.111939380000
1366435886,116.800000000000,0.500000000000
1366435889,116.500010000000,0.315242830000
1366435889,116.500000000000,0.111939380000
1366435920,116.500000000000,0.010000000000
1366435938,116.799990000000,0.038325810000
1366435938,116.500000000000,1.000000000000
1366435953,116.799990000000,0.010600000000
1366435964,116.500000000000,0.878060620000
1366435966,116.010010000000,0.010000000000
1366436027,116.799980000000,0.020830000000
1366436029,116.011020000000,0.010000000000
1366436070,116.500000000000,0.009964720000
1366436102,116.011010000000,0.029820000000
1366436136,116.011010000000,0.019648660000
1366436150,116.500000000000,6.025113990000
1366436166,116.011010000000,0.021335210000
1366436240,116.500000000000,0.010124980000
1366436314,116.500000000000,0.007469090000
1366436317,116.500000000000,0.847836230000
1366436317,116.500000000000,3.122437990000
1366436319,116.500000000000,9.729725780000
1366436319,116.011010000000,0.719286060000
1366436319,116.000100000000,0.250000000000
1366436319,116.000000000000,0.024219130000
1366436319,115.750000000000,4.000000000000
1366436319,115.731880000000,0.010000000000
1366436319,115.700000000000,23.090056610000
1366436319,115.600000000000,0.010000000000
1366436319,115.600000000000,6.494700000000
1366436319,115.520000000000,4.672012420000
1366436326,116.499990000000,1.147516330000
1366436326,116.510630000000,0.042910000000
1366436326,116.880000000000,0.859247140000
1366436326,116.899870000000,1.549666510000
1366436326,116.900000000000,1.500000000000
1366436326,116.990000000000,4.714042750000
1366436370,116.900100000000,0.248500000000
1366436371,116.989870000000,1.394699860000
1366436371,116.990000000000,5.285957250000
1366436371,116.999990000000,0.025000000000
1366436371,117.000000000000,3.973607300000
1366436371,117.000000000000,0.033000000000
1366436371,117.000000000000,0.021702700000
1366436371,117.000000000000,0.029960000000
1366436371,117.000000000000,0.020000000000
1366436371,117.000000000000,0.052851870000
1366436371,117.000000000000,0.051153200000
1366436371,117.000000000000,0.029967580000
1366436371,117.000000000000,0.024300000000
1366436371,117.000000000000,0.012460720000
1366436371,117.000000000000,1.032110510000
1366436455,117.000000000000,2.300000000000
1366436469,117.000000000000,1.582389490000
1366436469,117.000000000000,0.042700000000
1366436469,117.000000000000,0.240000000000
1366436469,117.000000000000,4.000000000000
1366436469,117.000000000000,0.904088300000
1366436469,117.000000000000,3.230822210000
1366436470,117.000000000000,1.769177790000
1366436470,117.000000000000,5.000000000000
1366436470,117.000000000000,5.872872920000
1366436470,117.176670000000,0.050004720000
1366436470,117.199870000000,1.255229870000
1366436470,117.200000000000,4.202000000000
1366436470,117.300000000000,0.249409920000
1366436470,117.480000000000,20.000000000000
1366436470,117.489990000000,5.000000000000
1366436470,117.490000000000,30.757559260000
1366436470,117.500000000000,2.724943200000
1366436470,117.500000000000,2.500000000000
1366436470,117.500000000000,0.335400000000
1366436494,117.500000000000,0.750000000000
1366436511,117.500000000000,1.007402900000
1366436530,117.500000000000,0.099400000000
1366436530,117.500690000000,0.043400000000
1366436532,117.501000000000,0.074424360000
1366436566,117.501020000000,0.011126940000
1366436569,117.501010000000,3.000000000000
1366436591,117.501000000000,0.364800000000
1366436615,117.501000000000,1.148900000000
1366436622,117.501000000000,0.129939250000
1366436626,117.549990000000,0.011126940000
1366436626,117.550000000000,1.000000000000
1366436626,117.650000000000,3.571873060000
1366436628,117.501000000000,0.100300000000
1366436647,117.501010000000,0.102840540000
1366436647,117.501000000000,5.485159460000
1366436684,117.501000000000,1.988000000000
1366436689,117.501000000000,10.665076930000
1366436689,117.500000000000,19.262970870000
1366436727,117.500000000000,4.000000000000
1366436759,117.649990000000,0.102840540000
1366436759,117.650000000000,11.151113420000
1366436760,117.670000000000,0.500000000000
1366436760,117.670250000000,0.010000000000
1366436760,117.729990000000,0.010000000000
1366436760,117.730000000000,0.572765980000
1366436776,117.600000000000,0.000819040000
1366436804,117.600000000000,0.999180960000
1366436804,117.730000000000,1.214120650000
1366436805,117.739980000000,0.057170000000
1366436805,117.739980000000,0.037490000000
1366436805,117.739980000000,0.055800000000
1366436805,117.739980000000,0.022536000000
1366436805,117.739980000000,0.023500000000
1366436805,117.739980000000,0.038900000000
1366436805,117.739980000000,0.028456000000
1366436805,117.739980000000,0.050000000000
1366436805,117.739980000000,0.028175200000
1366436805,117.739980000000,0.037000000000
1366436805,117.739980000000,0.020000000000
1366436805,117.739980000000,0.056300000000
1366436805,117.739980000000,0.059920000000
1366436805,117.739980000000,0.053900000000
1366436805,117.739980000000,0.019900000000
1366436805,117.739980000000,0.038000000000
1366436805,117.739980000000,0.054900000000
1366436805,117.739980000000,0.021765410000
1366436805,117.739980000000,0.020000000000
1366436805,117.739980000000,0.030000000000
1366436805,117.739980000000,0.027700000000
1366436805,117.739980000000,0.028962380000
1366436805,117.739980000000,0.037206400000
1366436805,117.739980000000,0.020000000000
1366436805,117.750000000000,2.500000000000
1366436805,117.750000000000,1.834089250000
1366436806,117.750000000000,2.585027750000
1366436812,117.750000000000,0.010000000000
1366436812,117.500020000000,0.046333690000
1366436820,117.500010000000,0.223666310000
1366436820,117.750000000000,2.056895020000
1366436820,117.764900000000,1.000000000000
1366436820,117.780000000000,20.000000000000
1366436820,117.790000000000,5.000000000000
1366436820,117.799990000000,2.993647280000
1366436821,117.799990000000,0.008373080000
1366436821,117.800000000000,0.241119350000
1366436831,117.799990000000,0.046333690000
1366436831,117.800000000000,1.258880650000
1366436831,117.800000000000,3.000000000000
1366436831,117.800000000000,1.444283360000
1366436831,117.800000000000,3.817225840000
1366436831,117.850000000000,3.000000000000
1366436831,117.873490000000,0.010000000000
1366436831,117.880000000000,0.017300000000
1366436831,117.882000000000,24.900000000000
1366436831,117.889000000000,27.042607500000
1366436831,117.900000000000,3.000000000000
1366436831,117.900000000000,2.000000000000
1366436831,117.900000000000,1.000000000000
1366436831,117.929870000000,1.454430000000
1366436831,117.999900000000,5.000000000000
1366436831,117.999990000000,1.000000000000
1366436831,117.999990000000,4.000000000000
1366436831,118.000000000000,18.008938960000
1366436886,118.000000000000,26.797561040000
1366436886,118.000000000000,1.500000000000
1366436886,118.000000000000,0.451075720000
1366436886,118.000000000000,1.442758910000
1366436886,118.000000000000,1.400000000000
1366436887,118.008920000000,0.016998890000
1366436887,118.050000000000,0.850746260000
1366436887,118.114240000000,0.010000000000
1366436887,118.200000000000,0.496708000000
1366436887,118.200000000000,3.139250800000
1366436887,118.348470000000,0.050000000000
1366436887,118.420000000000,0.200000000000
1366436887,118.430000000000,1.302369000000
1366436887,118.469870000000,0.529706890000
1366436887,118.470000000000,0.400000000000
1366436887,118.470000000000,10.000000000000
1366436887,118.479990000000,24.746500000000
1366436887,118.490000000000,31.890000000000
1366436887,118.491100000000,0.179280000000
1366436887,118.500000000000,37.039796030000
1366436897,118.469660000000,4.767362020000
1366436897,118.500000000000,24.115203970000
1366436897,118.500000000000,0.009940000000
1366436897,118.500000000000,18.858930400000
1366436897,118.500000000000,0.050000000000
1366436897,118.500000000000,9.947000000000
1366436897,118.516120000000,0.042180000000
1366436897,118.519520000000,1.447190000000
1366436897,118.598060000000,0.010000000000
1366436897,118.601530000000,0.021920090000
1366436897,118.605880000000,1.000000010000
1366436898,118.650000000000,5.000000000000
1366436898,118.750000000000,0.100000000000
1366436898,118.800000000000,2.000000000000
1366436898,118.831050000000,3.792298470000
1366436906,118.000000000000,0.497000000000
1366436906,118.831050000000,5.484462580000
1366436908,117.500030000000,0.166482770000
1366436921,118.831050000000,4.088133500000
1366436928,118.831050000000,0.100000000000
1366436939,118.831050000000,4.302373570000
1366436979,118.430000000000,0.500000000000
1366436980,118.469650000000,0.217650900000
1366436980,118.831050000000,7.132731880000
1366436980,118.831050000000,0.002099110000
1366436994,118.000010000000,0.085598760000
1366437006,118.000010000000,0.070000000000
1366437024,118.000110000000,2.000000000000
1366437035,118.000110000000,0.100000000000
1366437056,118.469660000000,0.050000000000
1366437061,118.749990000000,0.017241380000
1366437061,118.749990000000,1.163793100000
1366437062,118.749990000000,0.750000000000
1366437071,118.000110000000,0.698971560000
1366437071,118.000100000000,0.291028440000
1366437071,118.000100000000,0.780000000000
1366437071,118.500090000000,0.441047050000
1366437071,118.500100000000,0.090000000000
1366437071,118.750000000000,1.468952950000
1366437082,118.000110000000,0.186948650000
1366437097,118.000120000000,0.186948650000
1366437113,118.000120000000,0.666652500000
1366437117,118.000120000000,0.063555190000
1366437127,118.000120000000,0.220698350000
1366437127,118.739990000000,0.218007260000
1366437159,118.000120000000,0.085210240000
1366437167,118.739990000000,0.667912950000
1366437167,118.740000000000,0.230000000000
1366437167,118.740000000000,0.119484000000
1366437167,118.740000000000,0.135016920000
1366437167,118.740000000000,0.152569120000
1366437167,118.740000000000,0.172403110000
1366437167,118.740000000000,0.119484000000
1366437167,118.740000000000,0.119432400000
1366437167,118.740000000000,0.049735000000
1366437167,118.740000000000,0.119432400000
1366437167,118.750000000000,8.531047050000
1366437167,118.810000000000,0.230000000000
1366437167,118.831050000000,0.097900890000
1366437168,118.831050000000,0.100000000000
1366437168,118.850000000000,5.000000000000
1366437168,118.874730000000,1.442870000000
1366437168,118.880000000000,0.500000000000
1366437168,118.880000000000,9.520000000000
1366437168,118.890000000000,3.000000000000
1366437168,118.890000000000,16.906400000000
1366437168,118.894040000000,0.010000000000
1366437168,118.900000000000,0.119280000000
1366437168,118.950000000000,5.923544200000
1366437168,118.950010000000,1.603569360000
1366437168,118.950010000000,0.503569350000
1366437168,118.950010000000,0.503569350000
1366437168,118.990000000000,2.000000000000
1366437168,118.990000000000,1.000000000000
1366437168,118.995000000000,1.000000000000
1366437168,118.995000000000,22.873000000000
1366437168,118.999980000000,3.554010090000
1366437172,118.000120000000,0.216699220000
1366437181,118.000130000000,1.956845290000
1366437192,118.999970000000,0.031639080000
1366437208,118.166980000000,0.120000000000
1366437233,118.700000000000,1.045200000000
1366437249,118.919990000000,0.827962090000
1366437269,118.919980000000,1.371808270000
1366437297,118.989980000000,0.049700000000
1366437297,118.989980000000,0.050300000000
1366437300,118.920000000000,0.021904760000
1366437301,118.590000000000,0.100000000000
1366437303,118.325400000000,0.019931590000
1366437303,118.590000000000,0.078095240000
1366437303,118.989980000000,0.001973170000
1366437307,118.166990000000,0.010000000000
1366437310,118.989970000000,0.021904760000
1366437310,118.989980000000,0.028095240000
1366437313,118.166990000000,0.010000000000
1366437315,118.989980000000,0.009033440000
1366437317,118.166990000000,0.010040000000
1366437318,118.166990000000,0.010000000000
1366437319,118.989980000000,0.009998150000
1366437319,118.989980000000,0.074001850000
1366437322,118.166990000000,2.000000000000
1366437324,118.166990000000,0.010000000000
1366437332,118.989980000000,0.025398150000
1366437332,118.996000000000,0.470401850000
1366437333,118.166990000000,0.010000000000
1366437339,118.167000000000,0.215757580000
1366437351,118.167000000000,0.279300000000
1366437351,118.167000000000,0.085210240000
1366437380,118.167000000000,0.116992980000
1366437382,118.166990000000,3.248243020000
1366437382,118.939990000000,2.010040000000
1366437382,118.940000000000,0.500000000000
1366437382,118.996000000000,0.054151310000
1366437388,118.087560000000,0.010000000000
1366437400,118.087560000000,0.967500000000
1366437404,118.087560000000,0.135400000000
1366437419,118.989780000000,1.000000000000
1366437422,118.087570000000,0.010000000000
1366437467,118.000160000000,0.010000000000
1366437497,118.000160000000,0.037439150000
1366437504,118.000160000000,0.048000000000
1366437504,118.000160000000,0.016100000000
1366437504,118.000160000000,0.100000000000
1366437504,118.000160000000,0.597000000000
1366437511,118.000170000000,1.676083890000
1366437546,118.000160000000,0.700000000000
1366437546,118.000160000000,0.262000000000
1366437552,118.000160000000,0.006679650000
1366437569,118.000160000000,0.200000000000
1366437574,118.000160000000,0.100000000000
1366437612,118.000160000000,0.045854540000
1366437621,118.000100000000,0.085305210000
1366437685,118.000160000000,0.633000000000
1366437734,118.000160000000,0.813600000000
1366437741,118.000160000000,0.000042960000
1366437772,118.000100000000,5.120000000000
1366437780,118.000100000000,1.723666350000
1366437780,118.000000000000,0.050000000000
1366437780,118.000000000000,0.977994830000
1366437780,118.000000000000,1.000000000000
1366437792,117.998000000000,0.017000000000
1366437846,117.550010000000,0.010396100000
1366437900,117.997000000000,19.869895240000
1366437920,117.550020000000,1.026000000000
1366437973,117.997000000000,0.130104760000
1366437973,117.997000000000,1.729895240000
1366438025,117.997000000000,3.951900000000
1366438181,117.550010000000,0.019880000000
1366438237,117.996960000000,1.500000000000
